iterasi 10 populasi 5 
delta t = 608124.885039
best solution : [0.3435488 , 0.37316565, 0.48494232, 0.20279181, 0.12850783,
       0.49547652, 0.24286181, 0.67441166, 0.42492954, 0.82091493,
       0.68723477, 0.33432703, 0.82480884, 0.80547614, 0.38969063,
       0.28591204]

history :
'best_fitness': 3.470908062084392e-05, 'history': {'best_fitness': [3.461777446924412e-05, 3.468311386891845e-05, 3.4707057185219855e-05, 3.4707057185219855e-05, 3.470847591827118e-05, 3.470847591827118e-05, 3.470908062084392e-05, 3.470908062084392e-05, 3.470908062084392e-05, 3.470908062084392e-05]

'best_solution': [array([0.32582536, 0.37045971, 0.46955581, 0.18947136, 0.12992151,
       0.47570493, 0.22690935, 0.66981399, 0.43715192, 0.8326782 ,
       0.7002651 , 0.31236664, 0.8322598 , 0.80476436, 0.38747838,
       0.2883281 ]), array([0.44120399, 0.38807524, 0.56972112, 0.27618675, 0.12071858,
       0.60441691, 0.33075899, 0.69974455, 0.35758492, 0.7561    ,
       0.61543837, 0.45532753, 0.78375448, 0.80939805, 0.40187998,
       0.27259964]), array([0.29246995, 0.36536714, 0.4405985 , 0.16440235, 0.13258203,
       0.43849491, 0.19688691, 0.66116121, 0.46015436, 0.85481659,
       0.72478811, 0.27103733, 0.84628246, 0.80342478, 0.38331495,
       0.29287513]), array([0.29246995, 0.36536714, 0.4405985 , 0.16440235, 0.13258203,
       0.43849491, 0.19688691, 0.66116121, 0.46015436, 0.85481659,
       0.72478811, 0.27103733, 0.84628246, 0.80342478, 0.38331495,
       0.29287513]), array([0.28069817, 0.36356987, 0.4303789 , 0.15555502, 0.13352098,
       0.42536277, 0.18629141, 0.65810748, 0.46827237, 0.86262965,
       0.73344275, 0.25645141, 0.85123132, 0.80295202, 0.38184559,
       0.29447986]), array([0.28069817, 0.36356987, 0.4303789 , 0.15555502, 0.13352098,
       0.42536277, 0.18629141, 0.65810748, 0.46827237, 0.86262965,
       0.73344275, 0.25645141, 0.85123132, 0.80295202, 0.38184559,
       0.29447986]), array([0.3435488 , 0.37316565, 0.48494232, 0.20279181, 0.12850783,
       0.49547652, 0.24286181, 0.67441166, 0.42492954, 0.82091493,
       0.68723477, 0.33432703, 0.82480884, 0.80547614, 0.38969063,
       0.28591204]), array([0.3435488 , 0.37316565, 0.48494232, 0.20279181, 0.12850783,
       0.49547652, 0.24286181, 0.67441166, 0.42492954, 0.82091493,
       0.68723477, 0.33432703, 0.82480884, 0.80547614, 0.38969063,
       0.28591204]), array([0.3435488 , 0.37316565, 0.48494232, 0.20279181, 0.12850783,
       0.49547652, 0.24286181, 0.67441166, 0.42492954, 0.82091493,
       0.68723477, 0.33432703, 0.82480884, 0.80547614, 0.38969063,
       0.28591204]), array([0.3435488 , 0.37316565, 0.48494232, 0.20279181, 0.12850783,
       0.49547652, 0.24286181, 0.67441166, 0.42492954, 0.82091493,
       0.68723477, 0.33432703, 0.82480884, 0.80547614, 0.38969063,
       0.28591204])]}}


iterasi 10 populasi 10
delta t = 582286.404518

 Best Solution = [0.37555828 0.13273954 0.15393476 0.86752675 0.7787598  0.73142874
 0.23841829 0.92140703 0.76518149 0.75204375 0.56700286 0.24565419
 0.20399044 0.8850571  0.37583986 0.19241318]

history:
{'best_fitness': [3.595478096409346e-05, 3.595506375456511e-05, 3.595506375456511e-05, 3.595506375456511e-05, 3.596309989276505e-05, 3.5984895340168006e-05, 3.5984895340168006e-05, 3.5990126333765666e-05, 0.0004706663732640267, 0.0004706663732640267], 'best_solution': [array([0.32582536, 0.37045971, 0.46955581, 0.18947136, 0.12992151,
       0.47570493, 0.22690935, 0.66981399, 0.43715192, 0.8326782 ,
       0.7002651 , 0.31236664, 0.8322598 , 0.80476436, 0.38747838,
       0.2883281 ]), array([0.34554689, 0.21547589, 0.27690142, 0.61277205, 0.55663791,
       0.59846135, 0.24826032, 0.83386887, 0.62435306, 0.76922471,
       0.56276633, 0.29037752, 0.42899312, 0.85838101, 0.42490661,
       0.24121819]), array([0.34554689, 0.21547589, 0.27690142, 0.61277205, 0.55663791,
       0.59846135, 0.24826032, 0.83386887, 0.62435306, 0.76922471,
       0.56276633, 0.29037752, 0.42899312, 0.85838101, 0.42490661,
       0.24121819]), array([0.34554689, 0.21547589, 0.27690142, 0.61277205, 0.55663791,
       0.59846135, 0.24826032, 0.83386887, 0.62435306, 0.76922471,
       0.56276633, 0.29037752, 0.42899312, 0.85838101, 0.42490661,
       0.24121819]), array([0.35837078, 0.13909067, 0.17874113, 0.66137651, 0.71380775,
       0.62777761, 0.16025317, 0.8927616 , 0.7091408 , 0.8510335 ,
       0.59188692, 0.21153051, 0.30217863, 0.90858429, 0.34969367,
       0.17346675]), array([0.33074379, 0.21649067, 0.56059686, 0.51079665, 0.39983608,
       0.51046519, 0.26181821, 0.78698428, 0.31271463, 0.80443823,
       0.69589083, 0.46950369, 0.58580418, 0.94615392, 0.52556509,
       0.25464532]), array([0.33074379, 0.21649067, 0.56059686, 0.51079665, 0.39983608,
       0.51046519, 0.26181821, 0.78698428, 0.31271463, 0.80443823,
       0.69589083, 0.46950369, 0.58580418, 0.94615392, 0.52556509,
       0.25464532]), array([0.32215061, 0.29347144, 0.49844805, 0.26563024, 0.24124192,
       0.46623721, 0.1911648 , 0.72911388, 0.36401076, 0.8727519 ,
       0.70260131, 0.37138326, 0.74473451, 0.88764551, 0.42203571,
       0.24301877]), array([0.37555828, 0.13273954, 0.15393476, 0.86752675, 0.7787598 ,
       0.73142874, 0.23841829, 0.92140703, 0.76518149, 0.75204375,
       0.56700286, 0.24565419, 0.20399044, 0.8850571 , 0.37583986,
       0.19241318]), array([0.37555828, 0.13273954, 0.15393476, 0.86752675, 0.7787598 ,
       0.73142874, 0.23841829, 0.92140703, 0.76518149, 0.75204375,
       0.56700286, 0.24565419, 0.20399044, 0.8850571 , 0.37583986,
       0.19241318])]}

{'best_solution': array([0.37555828, 0.13273954, 0.15393476, 0.86752675, 0.7787598 ,
       0.73142874, 0.23841829, 0.92140703, 0.76518149, 0.75204375,
       0.56700286, 0.24565419, 0.20399044, 0.8850571 , 0.37583986,
       0.19241318]), 'best_fitness': 0.0004706663732640267, 'history': {'best_fitness': [3.595478096409346e-05, 3.595506375456511e-05, 3.595506375456511e-05, 3.595506375456511e-05, 3.596309989276505e-05, 3.5984895340168006e-05, 3.5984895340168006e-05, 3.5990126333765666e-05, 0.0004706663732640267, 0.0004706663732640267], 'best_solution': [array([0.32582536, 0.37045971, 0.46955581, 0.18947136, 0.12992151,
       0.47570493, 0.22690935, 0.66981399, 0.43715192, 0.8326782 ,
       0.7002651 , 0.31236664, 0.8322598 , 0.80476436, 0.38747838,
       0.2883281 ]), array([0.34554689, 0.21547589, 0.27690142, 0.61277205, 0.55663791,
       0.59846135, 0.24826032, 0.83386887, 0.62435306, 0.76922471,
       0.56276633, 0.29037752, 0.42899312, 0.85838101, 0.42490661,
       0.24121819]), array([0.34554689, 0.21547589, 0.27690142, 0.61277205, 0.55663791,
       0.59846135, 0.24826032, 0.83386887, 0.62435306, 0.76922471,
       0.56276633, 0.29037752, 0.42899312, 0.85838101, 0.42490661,
       0.24121819]), array([0.34554689, 0.21547589, 0.27690142, 0.61277205, 0.55663791,
       0.59846135, 0.24826032, 0.83386887, 0.62435306, 0.76922471,
       0.56276633, 0.29037752, 0.42899312, 0.85838101, 0.42490661,
       0.24121819]), array([0.35837078, 0.13909067, 0.17874113, 0.66137651, 0.71380775,
       0.62777761, 0.16025317, 0.8927616 , 0.7091408 , 0.8510335 ,
       0.59188692, 0.21153051, 0.30217863, 0.90858429, 0.34969367,
       0.17346675]), array([0.33074379, 0.21649067, 0.56059686, 0.51079665, 0.39983608,
       0.51046519, 0.26181821, 0.78698428, 0.31271463, 0.80443823,
       0.69589083, 0.46950369, 0.58580418, 0.94615392, 0.52556509,
       0.25464532]), array([0.33074379, 0.21649067, 0.56059686, 0.51079665, 0.39983608,
       0.51046519, 0.26181821, 0.78698428, 0.31271463, 0.80443823,
       0.69589083, 0.46950369, 0.58580418, 0.94615392, 0.52556509,
       0.25464532]), array([0.32215061, 0.29347144, 0.49844805, 0.26563024, 0.24124192,
       0.46623721, 0.1911648 , 0.72911388, 0.36401076, 0.8727519 ,
       0.70260131, 0.37138326, 0.74473451, 0.88764551, 0.42203571,
       0.24301877]), array([0.37555828, 0.13273954, 0.15393476, 0.86752675, 0.7787598 ,
       0.73142874, 0.23841829, 0.92140703, 0.76518149, 0.75204375,
       0.56700286, 0.24565419, 0.20399044, 0.8850571 , 0.37583986,
       0.19241318]), array([0.37555828, 0.13273954, 0.15393476, 0.86752675, 0.7787598 ,
       0.73142874, 0.23841829, 0.92140703, 0.76518149, 0.75204375,
       0.56700286, 0.24565419, 0.20399044, 0.8850571 , 0.37583986,
       0.19241318])]}}