iterasi 10 populasi 5 

best solution : [0.3435488 , 0.37316565, 0.48494232, 0.20279181, 0.12850783,
       0.49547652, 0.24286181, 0.67441166, 0.42492954, 0.82091493,
       0.68723477, 0.33432703, 0.82480884, 0.80547614, 0.38969063,
       0.28591204]

history :
'best_fitness': 3.470908062084392e-05, 'history': {'best_fitness': [3.461777446924412e-05, 3.468311386891845e-05, 3.4707057185219855e-05, 3.4707057185219855e-05, 3.470847591827118e-05, 3.470847591827118e-05, 3.470908062084392e-05, 3.470908062084392e-05, 3.470908062084392e-05, 3.470908062084392e-05]

'best_solution': [array([0.32582536, 0.37045971, 0.46955581, 0.18947136, 0.12992151,
       0.47570493, 0.22690935, 0.66981399, 0.43715192, 0.8326782 ,
       0.7002651 , 0.31236664, 0.8322598 , 0.80476436, 0.38747838,
       0.2883281 ]), array([0.44120399, 0.38807524, 0.56972112, 0.27618675, 0.12071858,
       0.60441691, 0.33075899, 0.69974455, 0.35758492, 0.7561    ,
       0.61543837, 0.45532753, 0.78375448, 0.80939805, 0.40187998,
       0.27259964]), array([0.29246995, 0.36536714, 0.4405985 , 0.16440235, 0.13258203,
       0.43849491, 0.19688691, 0.66116121, 0.46015436, 0.85481659,
       0.72478811, 0.27103733, 0.84628246, 0.80342478, 0.38331495,
       0.29287513]), array([0.29246995, 0.36536714, 0.4405985 , 0.16440235, 0.13258203,
       0.43849491, 0.19688691, 0.66116121, 0.46015436, 0.85481659,
       0.72478811, 0.27103733, 0.84628246, 0.80342478, 0.38331495,
       0.29287513]), array([0.28069817, 0.36356987, 0.4303789 , 0.15555502, 0.13352098,
       0.42536277, 0.18629141, 0.65810748, 0.46827237, 0.86262965,
       0.73344275, 0.25645141, 0.85123132, 0.80295202, 0.38184559,
       0.29447986]), array([0.28069817, 0.36356987, 0.4303789 , 0.15555502, 0.13352098,
       0.42536277, 0.18629141, 0.65810748, 0.46827237, 0.86262965,
       0.73344275, 0.25645141, 0.85123132, 0.80295202, 0.38184559,
       0.29447986]), array([0.3435488 , 0.37316565, 0.48494232, 0.20279181, 0.12850783,
       0.49547652, 0.24286181, 0.67441166, 0.42492954, 0.82091493,
       0.68723477, 0.33432703, 0.82480884, 0.80547614, 0.38969063,
       0.28591204]), array([0.3435488 , 0.37316565, 0.48494232, 0.20279181, 0.12850783,
       0.49547652, 0.24286181, 0.67441166, 0.42492954, 0.82091493,
       0.68723477, 0.33432703, 0.82480884, 0.80547614, 0.38969063,
       0.28591204]), array([0.3435488 , 0.37316565, 0.48494232, 0.20279181, 0.12850783,
       0.49547652, 0.24286181, 0.67441166, 0.42492954, 0.82091493,
       0.68723477, 0.33432703, 0.82480884, 0.80547614, 0.38969063,
       0.28591204]), array([0.3435488 , 0.37316565, 0.48494232, 0.20279181, 0.12850783,
       0.49547652, 0.24286181, 0.67441166, 0.42492954, 0.82091493,
       0.68723477, 0.33432703, 0.82480884, 0.80547614, 0.38969063,
       0.28591204])]}}